λvacλair
16317.161
16312.705
16341.755
16337.292
16350.650
16346.185
16351.954
16347.488
16360.385
16355.917
16388.492
16384.016
16414.737
16410.254
16442.155
16437.665
16447.616
16443.124
16475.648
16471.149
16477.318
16472.818
16479.061
16474.561
16502.365
16497.858
16553.814
16549.293
16586.322
16581.793
16609.994
16605.458
16612.053
16607.517
16689.201
16684.644
16692.380
16687.822
16702.639
16698.078
16708.852
16704.289
16724.739
16720.172
16732.479
16727.910
16733.659
16729.089
16755.155
16750.580
16763.572
16758.994
16802.368
16797.780
16840.481
16835.882
16903.679
16899.063
16955.078
16950.448
17008.757
17004.113
17078.369
17073.706
17123.659
17118.983
17188.964
17184.271
17196.243
17191.548
17210.319
17205.620
17243.039
17238.331
17247.926
17243.217
17249.320
17244.610
17257.606
17252.894
17282.868
17278.149
17303.370
17298.646
17330.869
17326.137
17351.152
17346.415
17359.686
17354.946
17382.906
17378.160
17384.705
17379.958
17386.695
17381.948
17427.045
17422.287
17449.967
17445.203
17501.228
17496.450
17505.897
17501.117
17528.254
17523.468
17530.475
17525.689
17649.853
17645.034
17653.222
17648.402
17660.234
17655.412

λvacλair
18117.96518113.01918119.02318114.07718211.01418206.04318253.47918248.49618254.94918249.96618459.58418454.54518587.32918582.25518796.41118791.28018886.54518881.39019193.53719188.29819249.74819244.49419250.86519245.61119350.11919344.83819398.39319393.09919399.95919394.66419518.43919513.11219528.61519523.28519541.09119535.75819555.34719550.01019560.00419554.66619562.06119556.72219573.21919567.87719593.42019588.07219618.72319613.36919642.46619637.10519677.99819672.62719698.93719693.56119702.08319696.70619734.92019729.53419737.50019732.11319751.51419746.12319771.86219766.46619839.72819834.31319891.35519885.92619892.96719887.53819923.51219918.07519926.65419921.21620005.01519999.55520008.16320002.703

