  4358.340
  5577.338
  6300.304
  6863.955
  6923.220
  7276.405
  7316.282
  7340.885
  7392.198
  7586.093
  7750.640
  7759.996
  7794.112
  7808.467
  7821.503
  7841.266
  7853.488
  7860.658
  7870.730
  7889.851
  7913.708
  7921.100
  7931.542
  7949.204
  7964.650
  7979.768
  7993.332
  8014.059
  8025.800
  8052.020
  8062.178
  8102.489
  8281.370
  8288.603
  8298.896
  8310.719
  8344.602
  8352.850
  8364.721
  8382.392
  8399.170
  8415.231
  8430.174
  8452.250
  8465.350
  8493.389
  8504.830
  8538.677
  8548.708
  8597.384
  8761.314
  8767.912
  8778.333
  8791.186
  8827.096
  8836.334
  8849.818
  8867.700
  8885.850
  8903.114
  8919.630
  8943.395
  8958.100
  8988.366
  9001.346
  9038.057
  9049.538
  9092.563
  9102.769
  9313.100
  9323.728
  9337.854
  9375.961
  9386.708
  9402.100
  9419.729
  9439.650
  9458.528
  9476.912
  9502.815
  9519.355
  9552.534
  9567.340
#
  9972.349
  9999.996
 10011.341
 10012.810
 10013.986
 10021.337
 10025.452
 10043.513
 10059.024
 10060.714
 10067.226
 10070.879
 10082.467
 10103.604
 10124.009
 10132.448
 10132.647
 10143.807
 10146.214
 10149.002
 10152.827
 10152.972
 10158.482
 10164.374
 10171.700
 10172.110
 10181.034
 10189.706
 10203.047
 10208.778
 10211.052
 10208.778
 10225.783
 10230.660
 10271.082
 10284.769
 10286.638
 10292.524
 10296.023
 10305.251
 10309.519
 10327.299
 10340.031
 10347.291
 10353.990
 10372.877
 10396.537
 10418.363
 10427.941
 10429.154
 10450.501
 10468.961
 10509.132
 10524.773
 10572.504
 10585.862
 10640.760
 10651.789
 10652.788
 10683.756
 10686.280
 10688.068
 10692.159
 10697.114
 10703.476
 10710.746
 10720.413
 10728.775
 10743.209
 10750.975
 10772.108
 10829.291
 10831.322
 10841.723
 10856.654
 10876.309
 10895.696
 10923.438
 10948.349
 10972.325
 11006.279
 11026.794
 11069.426
 11086.983
 11137.861
 11152.980
 11211.733
 11285.102
 11288.075
 11292.461
 11296.347
 11303.240
 11309.754
 11320.266
 11328.091
 11343.779
 11351.127
 11374.021
 11434.633
 11436.809
 11444.103
 11448.470
 11459.691
 11465.187
 11487.175
 11505.466
 11535.633
 11562.084
 11588.512
 11624.664
 11647.558
 11693.147
 11712.945
 11767.606
 11784.803
 11848.200
 11862.672
 11863.840
 11935.135
 11947.728
 11949.148
#### Start: CAMANG = 74, GRTILT = 37
# 11964.647
 11965.552
# 11970.280
# 11972.557
# 11980.044
 11985.367
# 11996.858
 12003.793
# 12020.955
 12027.593
 12052.580
# 12117.070
 12119.324
# 12127.748
 12132.602
# 12145.351
 12151.610
 12176.590
 12193.050
 12207.750
 12225.949
 12254.376
 12283.627
 12322.541
 12348.218
 12397.486
 12419.949
 12479.293
# 12498.496
 12499.499
 12568.141
# 12584.902
# 12586.170
# 12664.270
# 12678.974
 12680.528
# 12744.473
# 12746.638
# 12749.309
 12749.507
# 12757.503
 12760.927
# 12773.605
 12779.071
# 12798.042
 12803.481
 12831.054
# 12900.004
 12902.182
# 12912.267
 12917.599
# 12932.522
 12939.637
# 12960.599
 12968.580
 12982.095
# 13004.677
 13018.074
 13049.171
 13081.686
 13124.233
 13153.196
 13207.236
 13232.897
 13298.280
# 13320.492
 13321.588
#### End: CAMANG = 74, GRTILT = 37
 13397.582
 13417.167
 13418.566
 13505.436
 13522.773
 13524.503
 13660.368
 13661.716
 13665.811
 13667.385
 13670.251
 13670.798
 13671.150
 13685.347
 13982.072
 14018.394
 14082.861
 14098.843
 14103.152
 14130.139
 14159.089
 14159.364
 14182.179
 14262.457
 14288.405
 14289.631
 14338.086
 14340.522
 14348.349
 14352.796
 14365.155
 14370.485
 14388.255
 14393.819
 14398.656
 14400.236
 14422.962
 14465.155
 14498.899
 14514.994
 14519.612
 14521.581
 14560.002
 14600.842
 14661.061
 14694.421
 14698.224
 14709.286
 14735.988
 14751.557
 14768.347
 14779.697
 14795.196
 14796.379
 14801.744
 14829.040
 14860.336
 14882.098
 14883.631
 14904.205
 14905.702
 14927.803
 15002.637
 15021.038
 15022.864
 15048.753
 15051.437
 15059.882
 15064.851
 15078.133
 15084.154
 15103.255
 15109.596
 15182.991
 15236.790
 15283.613
 15328.213
 15391.128
 15425.948
 15427.940
 15457.901
 15469.985
 15496.630
 15505.532
 15513.633
 15535.466
 15536.700
 15541.894
 15565.906
 15593.370
 15627.173
 15650.677
 15651.901
 15653.472
 15698.250
 15755.521
 15756.525
 15776.852
 15778.779
 15826.011
 15828.947
 15838.176
 15843.732
 15858.156
 15864.973
 15885.693
 15892.869
 15927.858
 15968.233
 16026.453
 16075.361
 16124.203
 16190.192
 16230.942
 16265.874
 16275.281
 16297.826
 16311.059
#
 17656.873
 17660.058
 17666.987
 17679.332
 17681.997
 17684.806
 17693.610
 17719.021
 17728.614
 17772.277
 17806.612
 17824.836
 17846.002
 17849.134
 17875.417
 17929.848
 17989.050
 18063.002
#
